21782
13740
23798
42293
67018
8334
65838
11653
82677
88073
17517
95543
29634
25130
53197
32287
66893
11273
13103
84875
52314
12148
61985
44087
16912
30663
81014
71623
91540
99995
10685
40377
27219
80529
85816
53412
14564
21561
34263
52328
69078
46299
92081
45655
23776
42511
20203
8163
8112
62558
40104
11108
64062
9995
9706
56461
90721
18948
51648
97656
76716
22045
87680
52603
84084
53216
319
35531
2222
66171
99951
1156
81757
67565
40417
28108
47362
49040
30201
61187
73060
37282
80867
50521
19221
24918
62368
9483
44148
64748
57303
45897
94414
80193
37786
92427
91988
71496
70539
96688
33441
41718
9944
84495
5098
75934
15316
51195
39930
99893
73243
26353
11889
9155
33723
58087
60293
98076
77939
21892
37320
11203
35090
36884
24247
72796
3105
75556
69107
92088
10594
99595
92859
16486
66715
65449
88530
70024
63912
93851
83595
6075
12469
64467
51387
11338
41482
89911
25817
32559
16145
47712
4338
9155
45568
74965
5917
39075
25287
16748
13201
6299
88717
4258
16066
32802
59692
29263
76001
70824
70484
1751
29931
80236
12188
46024
78810
59293
42020
28021
19246
81896
52230
97349
31920
6606
40454
91280
19088
19370
59629
95001
31983
55426
1038
34275
31731
94533
98972
22921
13218
91501
42842
30455
56286
30163
29840
19086
99745
79270
71144
26961
2476
38486
9712
28666
55150
67922
20845
77320
33338
92366
34044
87093
7891
61950
63010
78630
66749
76423
52542
28411
99239
41419
79004
26417
10989
41412
27466
78583
98437
23237
73627
4274
69420
31519
97543
73967
56062
24852
38805
29099
14504
91992
75493
13991
42796
43543
50176
44104
94512
57699
42431
54721
68156
42597
4780
67809
44503
84334
34778
36782
31815
69151
96118
34883
95697
51513
90869
79032
45099
1786
55857
14126
92755
71694
54544
37164
90674
90841
15977
17586
74817
19470
17579
44700
34810
2928
13643
15253
68291
42671
52912
73790
95243
96396
92916
26370
41014
4400
38088
83195
68651
14501
75840
92159
55335
70495
30296
89007
67301
82408
66003
59822
71463
7183
46170
23998
62732
80662
73903
63047
83341
12616
37438
56292
24602
62473
60228
42265
77861
89310
39307
66869
98262
28849
9103
23737
95083
40930
72513
44616
91746
93456
35721
22105
51228
33373
47452
80888
45545
88435
34067
43744
98642
86679
64662
45278
98501
22259
48505
84170
64252
32678
82706
84058
38568
87555
53832
15027
35109
91401
26819
57352
15195
70069
24104
77896
85049
62798
80359
28561
8937
1672
8799
24602
58655
6153
61043
21057
38032
50429
88588
23814
50504
80829
78673
2863
51517
96458
78829
2798
62225
70750
98468
31998
15004
92425
4234
31567
15364
15328
88291
31708
22712
69918
39740
29698
13472
50324
52963
50845
56874
2187
83492
84137
31269
1583
7129
8141
40465
26980
98859
33088
52567
83951
99868
72703
81782
31613
92914
97763
67247
99941
77317
78441
31477
82984
61921
92882
66512
30161
46572
78621
43642
89868
55130
49910
74273
13159
96115
99643
7828
45294
7419
30582
8516
35858
71378
52333
16121
54572
29602
30121
81714
7556
49200
97541
91249
90678
9835
219
71162
29010
36051
18985
39033
79554
58276
11563
29438
9850
94500
57291
4184
23248
4881
76581
19185
77140
32429
51369
70271
35597
1397
22516
57900
997
69356
55410
1452
41211
94926
62729
46014
87448
25662
22368
31723
37765
56268
8755
82245
37725
80260
8417
48675
49093
82115
66943
461
99964
86600
90951
4021
66211
27688
54292
2457
44780
52165
56651
15059
83629
39811
39049
27212
83437
97975
77512
77262
61740
87359
91861
71200
32272
23324
39734
66220
9026
44370
27960
48594
99397
65043
37576
68407
3009
98500
96513
6074
31039
30640
91558
33172
16820
7807
48343
50959
71703
31001
89034
50963
74266
7722
44166
12997
73922
15062
46277
34400
26073
69012
28609
56405
76054
63216
31494
20997
56319
81265
30352
86082
91807
99209
51562
33540
45391
91174
57961
76104
29428
93142
9893
64967
90498
64804
69119
99135
40041
91743
82437
42285
88928
88128
53277
22551
85890
785
87264
36372
63056
98411
23828
44890
97458
57351
28948
56838
99949
64805
95186
53420
40229
24888
37031
63941
28951
96465
3092
72268
13621
86847
24807
6495
95783
39985
93646
53708
9478
71033
61912
97402
34208
59079
51593
70059
25766
44249
23539
22489
35993
92908
85963
81185
13245
5376
72807
5693
3615
21245
21032
99916
32628
41964
56294
19313
77341
54858
47122
77376
88845
79293
86308
57203
52563
32159
73889
26589
97020
69605
28137
91813
71546
90202
86513
78455
16682
2684
46656
97681
50663
72209
75264
56787
42896
64549
22485
96584
34274
70281
65325
77999
50959
16822
77137
85071
88314
97116
21922
14469
11232
45317
79746
94341
77817
24733
5679
23709
32088
8428
34741
86461
2400
33802
81091
79587
56500
43196
18740
57679
76571
92142
68379
61653
33660
97920
55287
82115
31007
44690
58086
53101
72358
45544
44120
65282
9929
21448
5410
82050
54828
28846
5001
96159
15477
33457
95783
44199
50924
26458
22615
24790
35497
84059
29787
20622
96498
83789
34234
75725
79851
81924
73663
58486
98808
51676
66556
93048
27019
93049
88085
94814
2976
62966
13965
28439
77127
69928
83780
67108
42115
56841
91024
92880
32209
19792
68146
20089
94316
9156
83189
65524
79573
80189
73958
49543
23797
99783
51050
65030
59087
77053
43312
12571
83115
74711
16955
41758
27515
64477
25458
27650
55978
14063
16567
17394
56755
65716
34850
88490
96828
1424
24090
79368
70904
88918
92338
55102
50701
79006
26646
72200
60531
66859
42536
22027
11943
15012
40072
25599
81203
30246
92842
21114
70024
95784
3393
85196
13413
77264
47089
17341
4728
75876
17192
19548
14501
77658
16252
28368
67720
21350
44388
11107
24643
67882
18637
30823
94316
16194
51242
41049
49928
127
70637
21799
84341
40806
16837
14332
44981
23710
70559
55743
20556
83573
58283
82919
43435
16171
28124
53516
1784
4594
3364
4645
6635
3492
61025
5817
77274
44707
17233
29578
68143
15498
80544
11169
77615
96216
38110
16848
99178
51933
41247
52932
2725
19780
31354
27933
38369
73426
62486
64456
39991
60910
55164
59839
49270
21387
42313
93721
76883
7369
46366
13061
57107
59817
87042
51506
67125
38611
76701
56924
11419
867
25471
41820
69327
38404
4120
52775
78784
30506
39642
89211
66562
94651
79655
